X1a = [14.28;   14.34;   14.26;   14.32; 	14.36];

X1b = [14.28;   14.34;   14.26;   14.32; 	14.36;
	   14.52;   14.29;   14.17;   14.31; 	14.30;
	   14.14;   14.33;   14.41;   14.33; 	14.34;
	   14.27;   14.29;   14.36;   14.32; 	14.34];
   
X3a = [30.03;  30.28;   30.91;   30.49;   30.17];

X3b = [30.03;  30.28;   30.91;   30.49;   30.17;
       30.89;  30.21;   30.08;   30.32;   30.45;
       30.14;  30.77;   30.33;   30.25;   30.28;
       30.08;  30.81;   30.22;   30.37;   30.43];
