X = [151 70; 221 91; 215 92; 247 122; 243 79];
Y = [145; 210; 193; 229; 195];
