Y  = [1.5, 
      6.5, 
      10, 
      11, 
      11.5, 
      16.5];

X = [0   0,
     1	2,
     1	4,
     2	2,
     2	4,
     3	6];
 



